##FastQC	0.12.1
>>Basic Statistics	pass
#Measure	Value
Filename	Roseo_R2.fastq
File type	Conventional base calls
Encoding	Sanger / Illumina 1.9
Total Sequences	5854
Total Bases	883.9 kbp
Sequences flagged as poor quality	0
Sequence length	151
%GC	56
>>END_MODULE
>>Per base sequence quality	pass
#Base	Mean	Median	Lower Quartile	Upper Quartile	10th Percentile	90th Percentile
1	38.998633413050904	40.0	40.0	40.0	40.0	40.0
2	39.10283566791937	40.0	40.0	40.0	40.0	40.0
3	39.29757430816536	40.0	40.0	40.0	40.0	40.0
4	39.28185855825077	40.0	40.0	40.0	40.0	40.0
5	39.362828834984626	40.0	40.0	40.0	40.0	40.0
6	39.38315681585241	40.0	40.0	40.0	40.0	40.0
7	39.384865049538774	40.0	40.0	40.0	40.0	40.0
8	39.47898872565767	40.0	40.0	40.0	40.0	40.0
9	39.48428425008541	40.0	40.0	40.0	40.0	40.0
10-14	39.45995900239153	40.0	40.0	40.0	40.0	40.0
15-19	39.49432866416125	40.0	40.0	40.0	40.0	40.0
20-24	39.50498804236419	40.0	40.0	40.0	40.0	40.0
25-29	39.530049631295284	40.0	40.0	40.0	40.0	40.0
30-34	39.487134802665295	40.0	40.0	40.0	40.0	40.0
35-39	39.476405262258666	40.0	40.0	40.0	40.0	40.0
40-44	39.446403553733134	40.0	40.0	40.0	40.0	40.0
45-49	39.4493080471553	40.0	40.0	40.0	40.0	40.0
50-54	39.40017085255424	40.0	40.0	40.0	40.0	40.0
55-59	39.42029728344439	40.0	40.0	40.0	40.0	40.0
60-64	39.4119596787972	40.0	40.0	40.0	40.0	40.0
65-69	39.37057919015889	40.0	40.0	40.0	40.0	40.0
70-74	39.39306338629763	40.0	40.0	40.0	40.0	40.0
75-79	39.34949598496498	40.0	40.0	40.0	40.0	40.0
80-84	39.3346318127456	40.0	40.0	40.0	40.0	40.0
85-89	39.309448146249785	40.0	40.0	40.0	40.0	40.0
90-94	39.240252861780284	40.0	40.0	40.0	40.0	40.0
95-99	39.27599521612848	40.0	40.0	40.0	40.0	40.0
100-104	39.236289082521786	40.0	40.0	40.0	40.0	40.0
105-109	39.181616265163164	40.0	40.0	40.0	40.0	40.0
110-114	39.20553562275755	40.0	40.0	40.0	40.0	40.0
115-119	39.13839056893901	40.0	40.0	40.0	40.0	40.0
120-124	39.085255424568594	40.0	40.0	40.0	40.0	40.0
125-129	39.00710746625662	40.0	40.0	40.0	40.0	40.0
130-134	38.82846403553733	40.0	40.0	40.0	40.0	40.0
135-139	38.700563813429014	40.0	40.0	40.0	40.0	40.0
140-144	38.49147445754314	40.0	40.0	40.0	40.0	40.0
145-149	38.254638646847766	40.0	40.0	40.0	40.0	40.0
150-151	37.49803519562617	40.0	40.0	40.0	24.0	40.0
>>END_MODULE
>>Per tile sequence quality	pass
#Tile	Base	Mean
1101	1	0.0
1101	2	0.0
1101	3	0.0
1101	4	0.0
1101	5	0.0
1101	6	0.0
1101	7	0.0
1101	8	0.0
1101	9	0.0
1101	10-14	0.0
1101	15-19	0.0
1101	20-24	0.0
1101	25-29	0.0
1101	30-34	0.0
1101	35-39	0.0
1101	40-44	0.0
1101	45-49	0.0
1101	50-54	0.0
1101	55-59	0.0
1101	60-64	0.0
1101	65-69	0.0
1101	70-74	0.0
1101	75-79	0.0
1101	80-84	0.0
1101	85-89	0.0
1101	90-94	0.0
1101	95-99	0.0
1101	100-104	0.0
1101	105-109	0.0
1101	110-114	0.0
1101	115-119	0.0
1101	120-124	0.0
1101	125-129	0.0
1101	130-134	0.0
1101	135-139	0.0
1101	140-144	0.0
1101	145-149	0.0
1101	150-151	0.0
>>END_MODULE
>>Per sequence quality scores	pass
#Quality	Count
15	1.0
16	5.0
17	2.0
18	2.0
19	1.0
20	2.0
21	4.0
22	5.0
23	4.0
24	7.0
25	9.0
26	6.0
27	10.0
28	15.0
29	12.0
30	12.0
31	15.0
32	24.0
33	27.0
34	32.0
35	47.0
36	91.0
37	161.0
38	414.0
39	3419.0
40	1527.0
>>END_MODULE
>>Per base sequence content	pass
#Base	G	A	T	C
1	27.145299145299145	24.974358974358974	16.700854700854702	31.179487179487182
2	28.83498462589682	26.46053980184489	23.761530577382985	20.942944994875297
3	23.522377861291424	25.23061154765972	24.18858899897506	27.058421592073795
4	28.44209087803212	22.51451998633413	22.12162623846942	26.92176289716433
5	28.06627946703109	22.51451998633413	21.848308848650497	27.570891697984283
6	27.212162623846943	21.848308848650497	22.56576699692518	28.373761530577386
7	29.672019132217287	21.42125042705842	22.12162623846942	26.785104202254868
8	26.306798770071744	20.054663477963786	24.034847967201912	29.603689784762555
9	26.563033823026988	20.584215920737957	22.941578407926205	29.911171848308847
10-14	28.787154082678512	21.34267167748548	21.407584557567475	28.462589682268536
15-19	28.766655278442087	21.284591732148957	21.13085070037581	28.817902289033135
20-24	28.565083703450632	21.33242227536727	21.670652545268194	28.431841475913906
25-29	29.20737956952511	21.291424666894432	21.397335155449266	28.103860608131193
30-34	28.68124359412368	21.226511786812434	21.615989067304408	28.476255551759483
35-39	28.305432183122655	21.981551076187223	21.585240860949778	28.127775879740348
40-44	29.091219678852063	21.161598906730443	21.581824393577044	28.165357020840453
45-49	29.00580799453365	21.281175264776223	21.07277075503929	28.640245985650836
50-54	28.55483430133242	20.93269559275709	22.336863682951826	28.17560642295866
55-59	28.93747864707892	20.97027673385719	21.568158524086094	28.52408609497779
60-64	29.063887939870174	20.946361462248035	21.229928254185175	28.759822343696616
65-69	28.35326272634096	21.57499145883157	21.496412709258628	28.57533310556884
70-74	29.162965493679536	21.527160915613255	21.161598906730443	28.14827468397677
75-79	28.674410659378204	21.02152374444824	21.513495046122312	28.790570550051246
80-84	28.8793987017424	21.349504612230955	21.656986675777247	28.114110010249405
85-89	28.486504953877688	21.99521694567817	21.195763580457808	28.322514519986335
90-94	28.715408267851046	21.749231294841135	21.465664502903998	28.069695934403825
95-99	28.667577724632732	21.827810044414075	21.650153741031772	27.85445848992142
100-104	29.101469080970276	21.44174923129484	21.004441407584558	28.452340280150324
105-109	29.412367611889305	20.997608472839087	21.448582166040314	28.141441749231294
110-114	29.111718483088488	22.37444482405193	21.281175264776223	27.23266142808336
115-119	29.613939186880767	21.848308848650497	20.720874615647418	27.81687734882132
120-124	29.900922446190638	22.169456781687735	21.03177314656645	26.897847625555176
125-129	29.935087119918002	22.03279808677827	20.956610864366247	27.07550392893748
130-134	29.89067304407243	22.671677485480014	20.785787495729416	26.651861974718145
135-139	30.758455756747523	22.52476938845234	21.007857874957296	25.708916979842844
140-144	30.905363853775196	22.702425691834645	20.850700375811414	25.54151007857875
145-149	31.598906730440724	22.104543901605737	21.247010591048856	25.04953877690468
150-151	31.90126409292791	23.402801503245644	20.4902630679877	24.205671335838744
>>END_MODULE
>>Per sequence GC content	pass
#GC Content	Count
0	0.0
1	0.0
2	0.0
3	0.0
4	0.0
5	0.0
6	0.0
7	0.0
8	0.0
9	0.0
10	0.0
11	0.0
12	0.0
13	0.0
14	0.0
15	0.0
16	0.0
17	0.0
18	0.0
19	0.5
20	0.5
21	0.0
22	0.0
23	0.0
24	0.0
25	0.0
26	0.5
27	0.5
28	0.0
29	0.5
30	0.5
31	1.5
32	3.0
33	4.0
34	4.0
35	4.5
36	5.5
37	5.0
38	5.5
39	7.0
40	9.5
41	16.5
42	26.5
43	29.0
44	36.0
45	49.5
46	55.5
47	71.0
48	90.5
49	125.0
50	166.0
51	191.5
52	225.5
53	281.5
54	334.0
55	357.5
56	395.0
57	413.5
58	408.5
59	402.5
60	369.5
61	320.0
62	294.5
63	254.0
64	207.5
65	183.5
66	146.0
67	114.0
68	76.5
69	50.0
70	35.0
71	24.5
72	15.5
73	6.0
74	3.0
75	3.0
76	3.0
77	1.0
78	0.0
79	0.0
80	0.0
81	0.0
82	0.0
83	0.0
84	0.0
85	0.0
86	0.0
87	0.0
88	0.0
89	0.0
90	0.0
91	0.0
92	0.0
93	0.0
94	0.0
95	0.0
96	0.0
97	0.5
98	0.5
99	0.0
100	9.5
>>END_MODULE
>>Per base N content	pass
#Base	N-Count
1	0.0683293474547318
2	0.0
3	0.0
4	0.0
5	0.0
6	0.0
7	0.0
8	0.0
9	0.0
10-14	0.0
15-19	0.0
20-24	0.0
25-29	0.0
30-34	0.0
35-39	0.0
40-44	0.0
45-49	0.0
50-54	0.0
55-59	0.0
60-64	0.0
65-69	0.0
70-74	0.0
75-79	0.0
80-84	0.0
85-89	0.0
90-94	0.0
95-99	0.0
100-104	0.0
105-109	0.0
110-114	0.0
115-119	0.0
120-124	0.0
125-129	0.0
130-134	0.0
135-139	0.0
140-144	0.0
145-149	0.0
150-151	0.0
>>END_MODULE
>>Sequence Length Distribution	pass
#Length	Count
151	5854.0
>>END_MODULE
>>Sequence Duplication Levels	pass
#Total Deduplicated Percentage	88.05944653228562
#Duplication Level	Percentage of total
1	77.91253843525794
2	17.560642295866074
3	3.6385377519644684
4	0.47830543218312266
5	0.08541168431841477
6	0.0
7	0.0
8	0.0
9	0.0
>10	0.3245644004099761
>50	0.0
>100	0.0
>500	0.0
>1k	0.0
>5k	0.0
>10k+	0.0
>>END_MODULE
>>Overrepresented sequences	warn
#Sequence	Count	Percentage	Possible Source
GGGGGGGGGGGGGGGGGGGGGGGGGGGGGGGGGGGGGGGGGGGGGGGGGG	19	0.3245644004099761	No Hit
>>END_MODULE
>>Adapter Content	fail
#Position	Illumina Universal Adapter	Illumina Small RNA 3' Adapter	Illumina Small RNA 5' Adapter	Nextera Transposase Sequence	PolyA	PolyG
1	0.0341646737273659	0.0	0.0	0.0	0.0	0.3245644004099761
2	0.0341646737273659	0.0	0.0	0.0	0.0	0.3245644004099761
3	0.0341646737273659	0.0	0.0	0.0	0.0	0.341646737273659
4	0.05124701059104886	0.0	0.0	0.0	0.0	0.341646737273659
5	0.0683293474547318	0.0	0.0	0.0	0.0	0.341646737273659
6	0.0683293474547318	0.0	0.0	0.0	0.0	0.341646737273659
7	0.10249402118209772	0.0	0.0	0.0	0.0	0.341646737273659
8	0.10249402118209772	0.0	0.0	0.0	0.0	0.341646737273659
9	0.10249402118209772	0.0	0.0	0.0	0.0	0.341646737273659
10-14	0.10591048855483431	0.0	0.0	0.0	0.0	0.341646737273659
15-19	0.11957635804578066	0.0	0.0	0.0	0.0	0.341646737273659
20-24	0.11957635804578066	0.0	0.0	0.0	0.0	0.341646737273659
25-29	0.1366586949094636	0.0	0.0	0.0	0.0	0.341646737273659
30-34	0.1366586949094636	0.0	0.0	0.0	0.0	0.341646737273659
35-39	0.1366586949094636	0.0	0.0	0.0	0.0	0.3484796720191322
40-44	0.1366586949094636	0.0	0.0	0.0	0.0	0.358729074137342
45-49	0.1434916296549368	0.0	0.0	0.0	0.0	0.358729074137342
50-54	0.15374103177314657	0.0	0.0	0.0	0.0	0.358729074137342
55-59	0.15374103177314657	0.0	0.0	0.0	0.0	0.358729074137342
60-64	0.1674069012640929	0.0	0.0	0.0	0.0	0.358729074137342
65-69	0.1776563033823027	0.0	0.0	0.0	0.0	0.358729074137342
70-74	0.21182097710966863	0.0	0.0	0.0	0.0	0.358729074137342
75-79	0.26648445507345403	0.0	0.0	0.0	0.0	0.37581141100102494
80-84	0.28698325930987356	0.0	0.0	0.0	0.0	0.43730782371028365
85-89	0.41680901947386395	0.0	0.0	0.0	0.0	0.4612230953194397
90-94	0.6764605398018448	0.0	0.0	0.0	0.0	0.47830543218312266
95-99	1.0386060813119236	0.0	0.0	0.0	0.0	0.47830543218312266
100-104	1.4827468397676802	0.0	0.0	0.0	0.0	0.49197130167406905
105-109	2.3300307482063545	0.0	0.0	0.0	0.0	0.49538776904680565
110-114	3.4233003074820636	0.0	0.0	0.0	0.0	0.49538776904680565
115-119	4.871882473522378	0.0	0.0	0.0	0.0	0.49538776904680565
120-124	6.491288008199521	0.0	0.0	0.0	0.0	0.49538776904680565
125-129	8.520669627605056	0.0	0.0	0.0	0.0	0.5124701059104886
130-134	11.383669285958318	0.0	0.0	0.0	0.0	0.5124701059104886
135-139	14.048513836692859	0.0	0.0	0.0	0.0	0.5227195080286983
140	15.886573283225145	0.0	0.0	0.0	0.0	0.5295524427741715
>>END_MODULE
